4: 11495.0, 16342.0, 5174.5
5: 11768.0, 16388.0, 5173.2
6: 11767.0, 16249.0, 5173.2
7: 11704.0, 16037.0, 5173.2
8: 12130.0, 16127.0, 5170.2
9: 18142.0, 18025.0, 5163.3
10: 18115.0, 17922.0, 5164.2
11: 18216.0, 17879.0, 5164.2
12: 18268.0, 17956.0, 5163.5
13: 18020.0, 17976.0, 5163.5
14: 18032.0, 17896.0, 5163.5
15: 18131.0, 17794.0, 5163.5
16: 18242.0, 17736.0, 5163.9
17: 18063.0, 17692.0, 5163.7
18: 17989.0, 17744.0, 5163.7
19: 17938.0, 17798.0, 5163.3
20: 17898.0, 17905.0, 5165.0
21: 17826.0, 17975.0, 5165.0
22: 17922.0, 18001.0, 5163.9
23: 18025.0, 18099.0, 5163.9
24: 18283.0, 17679.0, 5165.2
25: 18182.0, 17645.0, 5165.2
26: 18104.0, 17624.0, 5165.2
27: 18001.0, 17585.0, 5165.2
28: 18078.0, 17510.0, 5168.4
29: 18201.0, 17518.0, 5168.4
30: 18179.0, 17420.0, 5169.2
31: 18301.0, 17464.0, 5169.2
32: 18324.0, 17526.0, 5169.2
33: 18353.0, 17584.0, 5169.2
34: 18004.0, 17404.0, 5169.2
35: 17978.0, 17484.0, 5169.2
36: 17923.0, 17398.0, 5169.2
37: 18265.0, 17624.0, 5169.2
38: 17926.0, 17637.0, 5169.2
39: 18057.0, 17820.0, 5169.2
40: 18244.0, 17826.0, 5169.2
