4: 8831.4 , 15805.7 , 5174.5
5: 9102.6 , 15862 , 5173.2
6: 9106.8 , 15723.1 , 5173.2
7: 9051.9 , 15508.8 , 5173.2
8: 9474.3 , 15614.8 , 5170.2
9: 15412.1 , 17739.2 , 5163.3
10: 15389 , 17635.2 , 5164.2
11: 15491.6 , 17596.1 , 5164.2
12: 15540.6 , 17675 , 5163.5
13: 15292 , 17685.6 , 5163.5
14: 15307 , 17606.1 , 5163.5
15: 15409.8 , 17507.9 , 5163.5
16: 15523 , 17454.1 , 5163.9
17: 15345.7 , 17403.4 , 5163.7
18: 15269.8 , 17452.6 , 5163.7
19: 15216.7 , 17504.6 , 5163.3
20: 15172.7 , 17610 , 5165
21: 15098.1 , 17677.3 , 5165
22: 15193.1 , 17706.9 , 5163.9
23: 15292.3 , 17808.8 , 5163.9
24: 15566.1 , 17398.7 , 5165.2
25: 15466.4 , 17360.9 , 5165.2
26: 15389.2 , 17336.9 , 5165.2
27: 15287.8 , 17294.1 , 5165.2
28: 15367.6 , 17222 , 5168.4
29: 15490.2 , 17234.7 , 5168.4
30: 15471.9 , 17135.9 , 5169.2
31: 15592.2 , 17184.5 , 5169.2
32: 15612.9 , 17247.3 , 5169.2
33: 15639.7 , 17306.4 , 5169.2
34: 15297.6 , 17113.3 , 5169.2
35: 15268.6 , 17192.2 , 5169.2
36: 15216.9 , 17104.2 , 5169.2
37: 15550.2 , 17343 , 5169.2
38: 15210.8 , 17343.2 , 5169.2
39: 15334.9 , 17531.1 , 5169.2
40: 15521.6 , 17544.2 , 5169.2
